0 0.22589463220675945 0.44035785288270374 0.08722664015904577 0.2047713717693838
0 0.27342196819085485 0.6898608349900596 0.0905815109343936 0.23459244532803175
0 0.3427559642147118 0.7455268389662028 0.09281809145129223 0.29025844930417494
0 0.4411655069582505 0.73558648111332 0.08163518886679917 0.2624254473161034
1 0.4668861829025845 0.4204771371769384 0.04137673956262425 0.14512922465208747
0 0.41264910536779326 0.25646123260437376 0.03802186878727632 0.17495029821073563
0 0.4568215705765408 0.26938369781312127 0.03243041749502986 0.1610337972166998
0 0.5507579522862823 0.3479125248508946 0.034666998011928525 0.19880715705765403
0 0.5982852882703777 0.35487077534791256 0.03354870775347905 0.21669980119284293
1 0.5938121272365805 0.22166998011928432 0.026838966202783397 0.12524850894632208
