0 0.358412027833002 0.7485089463220675 0.10400099403578529 0.24850894632206766
0 0.31032554671968193 0.6262425447316103 0.07492544731610337 0.17892644135188873
0 0.22309890656063622 0.5238568588469185 0.09729125248508946 0.2166998011928429
0 0.1705392644135189 0.4214711729622266 0.06821570576540754 0.14314115308151096
0 0.15264662027833004 0.3797216699801193 0.05703280318091453 0.1232604373757455
0 0.10456013916500996 0.8031809145129225 0.18675447316103383 0.25447316103379736
1 0.4752733598409543 0.43538767395626243 0.03354870775347912 0.1232604373757455
0 0.5580268389662028 0.3508946322067594 0.0201292246520876 0.18091451292246521
0 0.5982852882703779 0.3598409542743539 0.01789264413518886 0.21073558648111337
1 0.601081013916501 0.20974155069582504 0.03019383697813119 0.0894632206759443
